NLL: 0.1376721746969543
CE: 0.0447427293064877