NLL: 0.2817201625047381
CE: 0.0738255033557047