NLL: 0.2969246529359412
CE: 0.08277404921700224