NLL: 0.2626697665092929
CE: 0.06263982102908278