NLL: 0.16168105122226997
CE: 0.03803131991051454