NLL: 0.1292014586045438
CE: 0.029082774049217